
#julia
3 1 1 2.3 2 9
0.7 -1.3 -0.8 0.2 0.5 -0.5 0.6 0.8 
0.7 1.3 0.1 0.4 -0.2 0 0.9 0.1 
0.2 0 -0.1 0.1 0.2 0 0.7 0.1 
13 13 0 13 13 13 
$end

#unique
2 0 1 2.3 2 18
0.3 0 0.3 0 -0.4 0 0.7 0.8 
-0.2 0 0 0 -0.2 0.2 0.9 0.2 
0 
$end


#julia2
3 1 1 2 2 9
0.685756 -1.57917 -2.4 0.468627 0.266138 -0.5 0.6 0.8 
0.976763 0.462129 0.3 0.343865 -0.321932 0 0.9 0.1 
0.2 -0.3 -0.2 0.1 0.2 0.2 0.7 0.1 
13 13 0 13 13 13 
$end

#julia3
3 1 1 2 2 9
0.499783 -1.29667 -2.4 0.487299 0.193963 -0.5 0.6 0.8 
0.976763 0.462129 0.3 0.343865 -0.321932 0 0.9 0.1 
0.2 -0.3 -0.2 0.1 0.2 0.2 0.7 0.1 
13 13 0 13 13 13 
$end

#spiral
2 1 1 2.3 2 9
-0.119035 -1.90456 0.2 0.476141 -0.82808 0.1 0.6 0.9 
0.7 1 0.1 0.4 -0.2 0 0.9 0.1 
9 13 0 9 13 13 
$end

#unique2
2 0 1 1 9 9
0.2 0 0.1 0 -0.1 0 0.5 0.8 
0 -0.3 0.2 0.3 0.1 0 0.8 0.2 
0 
$end
#temp
3 1 1 1 9 9
0.2 0 0.1 0 -0.1 1.49012e-08 0.5 0.7 
0 -0.3 0.2 0.3 0.1 0 0.8 0.2 
-0.2 0 0.9 0 0.0999999 1.49012e-08 0.8 0.1 
0 0 2 12 0 0 
$end

#error
2 0 1 1 9 9
1 0.5 0 0 1 11 0.5 1 
0 0 0 0 0 0 0 0 
6 
$end

#interesting1
2 0 1 1 9 9
0.553861 1.15047 0.6 0.511319 -0.766979 0 0.4 0.7 
0.3 -0.2 0.3 -0.4 -0.4 0 0.8 0.3 
0 
$end
